{
"type": "FeatureCollection",
"name": "יציאה_כביש",
"crs": { "type": "name", "properties": { "name": "urn:ogc:def:crs:OGC:1.3:CRS84" } },
"features": [
{ "type": "Feature", "properties": { "FID": 0, "Id": 0, "סוג": " " }, "geometry": { "type": "LineString", "coordinates": [ [ 34.336322012765834, 31.226518359245276 ], [ 34.33564770147683, 31.227992356912395 ] ] } },
{ "type": "Feature", "properties": { "FID": 1, "Id": 0, "סוג": "" }, "geometry": { "type": "LineString", "coordinates": [ [ 34.326996444478709, 31.222936636618705 ], [ 34.327580434375193, 31.221754994583602 ] ] } },
{ "type": "Feature", "properties": { "FID": 2, "Id": 0, "סוג": "" }, "geometry": { "type": "LineString", "coordinates": [ [ 34.293417737169129, 31.210674780200318 ], [ 34.292780113369801, 31.212012751505974 ] ] } },
{ "type": "Feature", "properties": { "FID": 3, "Id": 0, "סוג": "" }, "geometry": { "type": "LineString", "coordinates": [ [ 34.287003045131122, 31.208356038958609 ], [ 34.286845514883275, 31.207499900196261 ] ] } },
{ "type": "Feature", "properties": { "FID": 4, "Id": 0, "סוג": " " }, "geometry": { "type": "LineString", "coordinates": [ [ 34.327017162948628, 31.222991499094388 ], [ 34.327587089645817, 31.221644722120988 ] ] } },
{ "type": "Feature", "properties": { "FID": 5, "Id": 0, "סוג": "כורכר" }, "geometry": { "type": "LineString", "coordinates": [ [ 34.323074211031738, 31.221726383635144 ], [ 34.322580342175016, 31.222248321136039 ] ] } },
{ "type": "Feature", "properties": { "FID": 6, "Id": 0, "סוג": "כורכר" }, "geometry": { "type": "LineString", "coordinates": [ [ 34.357412949080512, 31.232531752483126 ], [ 34.357493232778701, 31.232315004606349 ] ] } },
{ "type": "Feature", "properties": { "FID": 7, "Id": 0, "סוג": " " }, "geometry": { "type": "LineString", "coordinates": [ [ 34.365566371443968, 31.233849076240709 ], [ 34.366441770261666, 31.233302241031016 ] ] } },
{ "type": "Feature", "properties": { "FID": 8, "Id": 0, "סוג": " " }, "geometry": { "type": "LineString", "coordinates": [ [ 34.402560721025054, 31.256696893496926 ], [ 34.40289299435981, 31.256018912616433 ] ] } },
{ "type": "Feature", "properties": { "FID": 9, "Id": 0, "סוג": " " }, "geometry": { "type": "LineString", "coordinates": [ [ 34.403638965748648, 31.257393869432381 ], [ 34.402852055789651, 31.257584819897072 ] ] } },
{ "type": "Feature", "properties": { "FID": 10, "Id": 0, "סוג": " " }, "geometry": { "type": "LineString", "coordinates": [ [ 34.432902973077439, 31.281840584650929 ], [ 34.433744327167872, 31.281837133498058 ] ] } },
{ "type": "Feature", "properties": { "FID": 11, "Id": 0, "סוג": "כורכר" }, "geometry": { "type": "LineString", "coordinates": [ [ 34.433842782756173, 31.296728991588367 ], [ 34.434294715192515, 31.296752500363869 ] ] } },
{ "type": "Feature", "properties": { "FID": 12, "Id": 0, "סוג": " " }, "geometry": { "type": "LineString", "coordinates": [ [ 34.435353011509591, 31.301643476503052 ], [ 34.434614622667382, 31.301666784006496 ] ] } },
{ "type": "Feature", "properties": { "FID": 13, "Id": 0, "סוג": " " }, "geometry": { "type": "LineString", "coordinates": [ [ 34.439459787077261, 31.314799958087512 ], [ 34.438649499831598, 31.314870689411233 ] ] } },
{ "type": "Feature", "properties": { "FID": 14, "Id": 0, "סוג": " " }, "geometry": { "type": "LineString", "coordinates": [ [ 34.439100783355684, 31.313483055533297 ], [ 34.440369426673591, 31.313324375985729 ] ] } },
{ "type": "Feature", "properties": { "FID": 15, "Id": 0, "סוג": " " }, "geometry": { "type": "LineString", "coordinates": [ [ 34.458632252089267, 31.38982846929003 ], [ 34.459026601524847, 31.388908394027631 ] ] } },
{ "type": "Feature", "properties": { "FID": 16, "Id": 0, "סוג": " " }, "geometry": { "type": "LineString", "coordinates": [ [ 34.497060108491794, 31.429378254516529 ], [ 34.496321862714332, 31.429117272456292 ] ] } },
{ "type": "Feature", "properties": { "FID": 17, "Id": 0, "סוג": " " }, "geometry": { "type": "LineString", "coordinates": [ [ 34.516943055615222, 31.4507795156713 ], [ 34.516446402665416, 31.451290967293751 ] ] } },
{ "type": "Feature", "properties": { "FID": 18, "Id": 0, "סוג": "כורכר" }, "geometry": { "type": "LineString", "coordinates": [ [ 34.516817195655541, 31.450647669576163 ], [ 34.516959434221086, 31.450505377884102 ], [ 34.516935932300797, 31.450208137229286 ], [ 34.517091407439686, 31.450010895200847 ] ] } },
{ "type": "Feature", "properties": { "FID": 19, "Id": 0, "סוג": "כורכר" }, "geometry": { "type": "LineString", "coordinates": [ [ 34.523908756751574, 31.456003780819589 ], [ 34.52367507112978, 31.456153927830702 ] ] } },
{ "type": "Feature", "properties": { "FID": 20, "Id": 0, "סוג": " " }, "geometry": { "type": "LineString", "coordinates": [ [ 34.534144045016035, 31.46537515438736 ], [ 34.534742725433816, 31.466038540525343 ] ] } },
{ "type": "Feature", "properties": { "FID": 21, "Id": 0, "סוג": " " }, "geometry": { "type": "LineString", "coordinates": [ [ 34.533117390962445, 31.474087874565395 ], [ 34.533402661204335, 31.47347038254378 ] ] } },
{ "type": "Feature", "properties": { "FID": 22, "Id": 0, "סוג": " " }, "geometry": { "type": "LineString", "coordinates": [ [ 34.564194971859706, 31.504943943739342 ], [ 34.563764622302081, 31.503388615736569 ] ] } },
{ "type": "Feature", "properties": { "FID": 23, "Id": 0, "סוג": " " }, "geometry": { "type": "LineString", "coordinates": [ [ 34.555855947886386, 31.505762334826429 ], [ 34.55556991020206, 31.506044845698231 ] ] } },
{ "type": "Feature", "properties": { "FID": 24, "Id": 0, "סוג": " " }, "geometry": { "type": "LineString", "coordinates": [ [ 34.583197556079554, 31.506103516516244 ], [ 34.583057702095076, 31.506376882939087 ] ] } },
{ "type": "Feature", "properties": { "FID": 25, "Id": 0, "סוג": " " }, "geometry": { "type": "LineString", "coordinates": [ [ 34.549913487527874, 31.568466686234579 ], [ 34.548440333477082, 31.569490766769384 ] ] } },
{ "type": "Feature", "properties": { "FID": 26, "Id": 0, "סוג": " " }, "geometry": { "type": "LineString", "coordinates": [ [ 34.562656695632704, 31.587700390338004 ], [ 34.561869841624542, 31.588092582146192 ] ] } },
{ "type": "Feature", "properties": { "FID": 27, "Id": 0, "סוג": " " }, "geometry": { "type": "LineString", "coordinates": [ [ 34.571572660792036, 31.602410167131922 ], [ 34.569852002020227, 31.603006432204694 ] ] } },
{ "type": "Feature", "properties": { "FID": 28, "Id": 0, "סוג": " " }, "geometry": { "type": "LineString", "coordinates": [ [ 34.572543993499814, 31.603539960711668 ], [ 34.57480580072599, 31.603282474608157 ] ] } }
]
}
